x	y	CE30	CE90	Elevacion	Pe	Sj	Tg
5576347	5799472	38.420002	36.7799988	140.688003540039	70	1.71050000190735	2.824811
5576347	5799514	35.625	30	143.536254882813	72	1.2243800163269	2.895187
5576348.5	5799558	32.6399994	34.9799995	144.242004394531	50	1.6282285451889	3.508046
5576348.5	5799600	35.6666679	25.3500004	144.533340454102	72	1.65152859687805	3.456987
5576349.5	5799642.5	40.5166664	20.7666664	143.09001159668	101	1.17373335361481	2.585096
5576349.5	5799684.5	33.3499985	32.5666656	139.982498168945	53	2.2548553943634	3.102785
5576349.5	5799727.5	20.9500008	27.2250004	138.979995727539	83	2.39902853965759	3.278749
5576367.5	5799452	45.1000023	36.8999977	141.479995727539	57	1.64098000526428	2.911721
5576368.5	5799493	30.8000011	30.6833344	143.726669311523	69	1.51691424846649	3.04736
5576369.5	5799535	34.3166656	32.7666664	144.195846557617	66	1.34527504444122	3.446086
5576370.5	5799578	25.4333344	28.5666656	144.796676635742	61	1.88636672496796	3.688419
5576370.5	5799620.5	21.7800007	28.5200005	142.720993041992	64	1.9600750207901	3.26776
5576371	5799664.5	37.7399979	19.2000008	140.307006835938	101	1.17774999141693	2.758909
5576371	5799705.5	30.4750004	36.5	139.237503051758	44	2.17873334884644	2.807592
5576372	5799748.5	36.9599991	26.829998	140.740509033203	80	2.01202845573425	3.0598
5576389	5799472	40.9625015	25.6124992	143.953750610352	60	1.21161437034607	3.097865
5576390	5799430	36.7750015	21.2749996	140.911254882813	101	1.33897495269775	3.000037
5576390	5799515	30.75	32.1500015	144.179992675781	64	1.95434284210205	3.772572
5576391	5799557	26.2625008	26.7124996	142.722503662109	59	1.65910005569458	3.816056
5576391	5799599	32.0999985	50.7000008	140.455001831055	67	2.54361248016357	3.877247
5576392	5799683.5	35.6166649	26.916666	140.994171142578	101	1.57731997966766	3.035359
5576393	5799641.5	38.6800003	31.3600006	140.108993530273	59	1.51403331756592	2.649361
5576393	5799727.5	38.8666649	18.4499989	140.10417175293	34	1.64176249504089	2.41238
5576393	5799769.5	40.3250008	21.75	144.881256103516	63	1.7127833366394	2.907612
5576393.5	5799811.5	41.6333351	39.4666672	143.884994506836	101	2.11729001998901	3.086244
5576408.5	5799365	21.1000004	29.0499992	139.918746948242	101	2.7046000957489	3.750092
5576409.5	5799451	26.4000015	29.6777782	143.533889770508	101	1.7646666765213	3.10069
5576410.5	5799408	19.2999992	24.3500004	142.652496337891	57	2.06637501716614	3.260388
5576410.5	5799536	34.6200027	22.4799995	139.406005859375	101	2.59561252593994	4.506526
5576411.5	5799493	28.8250008	25.6500015	144.711242675781	63	1.603875041008	3.756907
5576411.5	5799577	30.1799984	28	140.037002563477	56	2.23352003097534	4.104128
5576412.5	5799662.5	40.5166664	32.0166664	142.218338012695	50	1.73530006408691	3.321129
5576413.5	5799620.5	33.4599991	35.2000008	138.906997680664	80	2.08145713806152	3.118587
5576414.5	5799704.5	27.0750008	28.1749992	140.342498779297	101	1.58892858028412	2.869302
5576414.5	5799748.5	44.25	21.0666676	145.023330688477	50	1.66354441642761	2.896907
5576415.5	5799788.5	33.1000023	13.7666664	145.373336791992	50	1.35154283046722	2.548059
5576415.5	5799832.5	30.1428566	28.757143	141.83642578125	101	1.81002008914948	3.385504
5576430.5	5799345	21.9799995	29.1599998	139.494003295898	101	2.21991419792175	4.481075
5576431	5799387	20.8600006	29.4799995	141.545989990234	101	2.25014996528625	4.257436
5576431	5799428	20.0166664	27.2166672	142.191665649414	65	2.17354989051819	3.355245
5576432	5799471	27.3500004	33.25	144.511672973633	101	1.98901998996735	3.138579
5576432	5799513	32.4666672	32.8333321	140.675003051758	55	1.78065705299377	3.509848
5576433	5799557	36.5	25.039999	140.305999755859	101	1.75800001621246	3.457827
5576434	5799599	40.9000015	22.8199997	138.915008544922	58	1.78246998786926	3.228833
5576434	5799640.5	34.5299988	25.5600014	140.857498168945	101	2.23517489433289	3.224821
5576435	5799683.5	31.6000004	22.8999996	145.550003051758	70	1.9339143037796	2.654922
5576435	5799725.5	32.7374992	28.25	145.036880493164	101	1.639857172966	3.633376
5576436	5799768.5	40.6333351	24.9666672	140.219985961914	69	1.55638575553894	2.794817
5576436	5799810.5	35.4500008	31.7600002	141.720489501953	59	1.81468331813812	3.254309
5576438	5799852	26.2333317	28.2333317	141.346664428711	101	2.37223339080811	3.47751
5576438	5799896	28.9777756	23.8666668	140.41667175293	61	2.63454270362854	3.428005
5576451	5799323	21.1333332	27.2833328	140.052505493164	101	2.57449984550476	4.41975
5576452	5799366	20.4799995	27.0600014	140.537994384766	101	2.04057145118713	4.014726
5576452	5799408	20.6199989	26.7600002	141.634994506836	79	2.20537996292114	3.368994
5576453	5799450	31.8142853	35.8428574	143.863571166992	101	1.85011994838715	3.772046
5576453.5	5799492	24.8999996	29.8666668	140.184997558594	101	1.9292665719986	4.005851
5576453.5	5799534	24.2600002	29.039999	139.745010375977	76	2.06417512893677	3.220993
5576454.5	5799578	32.485714	36.7714272	138.655715942383	79	1.85698890686035	3.630891
5576455.5	5799620.5	26.0874996	26.7875004	140.286880493164	63	2.09547996520996	2.822937
5576455.5	5799662.5	44.9000015	32.1399994	145.393997192383	101	2.0903000831604	2.77968
5576456.5	5799704.5	42.1666679	27.4499989	145.927505493164	101	1.55177998542786	2.810373
5576457.5	5799747.5	29.7333317	22.2833328	140.50666809082	80	1.97269988059998	3.114733
5576457.5	5799789.5	35.3666649	25.083334	141.05583190918	80	1.77952003479004	2.40189
5576458.5	5799831.5	38.1142845	32.514286	141.528579711914	69	1.755499958992	3.327985
5576458.5	5799874	31.083334	15.6333342	140.566665649414	69	1.47593998908997	2.842813
5576459.5	5799916	19.9399986	25.7200012	143.871994018555	69	2.02938342094421	3.637541
5576471.5	5799258.5	47.2999992	26.6000004	140.740005493164	101	1.33386671543121	4.100951
5576471.5	5799300	27.0600014	36.4799995	140.917007446289	90	1.92980003356934	4.467621
5576473.5	5799343	25.5333328	33.3444443	140.780563354492	101	1.64548337459564	3.820886
5576473.5	5799387	29.7666683	33.4666672	144.04833984375	101	1.82384288311005	3.462315
5576473.5	5799429	34.1285744	31.1714287	141.27571105957	70	1.43273639678955	3.051786
5576474.5	5799471	32.3499985	33.75	140.731246948242	101	1.76482498645782	4.05326
5576474.5	5799512	20.6000004	30.3166656	138.589157104492	80	2.10915994644165	4.293719
5576475.5	5799555.5	21.2739124	26.8869572	140.812835693359	71	1.94048881530762	4.436379
5576476	5799598.5	30.9333324	24.0166683	138.908340454102	83	1.46710002422333	3.595859
5576477	5799640.5	40.8333321	38.3833351	145.61833190918	78	2.14247488975525	3.271613
5576477	5799683.5	44.6000023	35.3428574	146.178573608398	101	2.22197794914246	2.82268
5576478	5799725.5	35.6499977	23.7333317	141.88249206543	101	1.53772497177124	3.138761
5576478	5799768.5	29.9833317	26.4833317	140.922500610352	69	1.66351246833801	3.300209
5576479	5799810.5	31.4500027	25.8500004	141.178329467773	101	1.75443994998932	3.07784
5576479	5799852.5	40.6599998	28.8200016	140.764007568359	71	1.47324001789093	2.877546
5576480	5799895	33.1000023	33.5499992	143.794998168945	59	1.82318997383118	3.581971
5576481	5799937	22.9777775	33.1999969	143.879455566406	73	1.94124293327332	3.085454
5576492	5799237.5	29.7600002	25.5799999	141.376998901367	74	1.16999995708466	3.866182
5576493	5799280	36.0250015	36.875	139.898742675781	83	1.7288601398468	3.989175
5576493	5799322	28.0750008	38.0250015	141.550628662109	101	1.52310001850128	3.478755
5576494	5799364	31.6200008	32.5200005	144.083999633789	101	1.72918570041656	3.047621
5576494	5799406	30.3400002	34.0600014	138.320999145508	85	1.90185713768005	3.259445
5576495	5799450	32.2999992	39.0999985	141.455001831055	61	1.85574543476105	3.591439
5576496	5799534	17.7000008	26.1200008	140.540008544922	69	2.09777498245239	4.456137
5576497	5799492	38.2799988	29.1200008	138.287994384766	90	1.50024998188019	4.030169
5576497	5799576.5	19.1000004	28.8666668	138.395004272461	68	1.82433748245239	4.526339
5576497	5799618.5	34.9500008	30.8499985	145.470001220703	101	1.81485724449158	3.455457
5576498	5799661.5	25.1999989	17.5	144.235000610352	85	2.18851113319397	3.747153
5576498.5	5799746.5	24.9750004	31.5249996	140.990005493164	71	1.593914270401	3.626412
5576499.5	5799703.5	36.5625	27.6000004	141.829376220703	101	1.93866002559662	3.502307
5576499.5	5799788.5	19.375	27.9500008	140.701248168945	59	2.09008741378784	4.792536
5576500.5	5799874	37.1000023	22.2833328	144.427505493164	74	1.06295001506805	2.327306
5576501.5	5799958	27.4099998	16.9500008	142.418487548828	101	1.81796681880951	3.033709
5576502.5	5799916	39.8571434	31.9428577	143.382858276367	45	1.67849004268646	3.393148
5576513	5799215.5	33.1166649	29.5333328	141.189163208008	101	1.68153750896454	3.584919
5576513.5	5799301	29.833334	34.7833328	141.698333740234	75	1.6697142124176	4.05016
5576514.5	5799258.5	32.2999992	31.2799988	139.837005615234	80	1.51265561580658	3.645881
5576514.5	5799385	35.0333328	38.9166679	139.770004272461	101	2.14058566093445	4.046085
5576515.5	5799343	28.5666656	29.2666683	143.792495727539	55	1.72220003604889	4.118392
5576516.5	5799427	29.8400002	34.8400002	141.335998535156	83	1.63611423969269	3.333639
5576516.5	5799513	24	27.4624996	139.59375	86	2.05776000022888	4.266528
5576517.5	5799471	30.8199978	30.6599998	139.696990966797	64	1.8998818397522	4.038652
5576517.5	5799597.5	37.5625	34.375	144.903747558594	45	1.8228999376297	3.655551
5576518.5	5799556	27.625	29.9500008	144.332504272461	56	1.65645003318787	4.364442
5576519.5	5799640.5	29.7250004	30.4500008	142.863754272461	101	2.30006670951843	3.648388
5576519.5	5799724.5	23.2250004	30.4749985	140.142501831055	63	2.32461094856262	3.289823
5576520.5	5799682.5	31.9249992	37.8250008	140.971252441406	92	2.09251809120178	3.289242
5576521	5799768.5	19.6333332	26.7666683	140.752502441406	63	2.55868339538574	5.023999
5576522	5799852.5	33.5111122	30.2666664	143.976669311523	101	2.2260000705719	3.968578
5576523	5799895	36.8333321	23.5666656	142.544998168945	75	1.2952333688736	2.678656
5576523	5799938	24.5	25.8888893	142.187225341797	40	1.98668885231018	4.084472
5576534.5	5799193.5	25.2666683	23.9666672	140.438339233398	31	1.98521995544434	3.218749
5576534.5	5799236	25.0499992	38.2000008	139.552490234375	101	1.32972002029419	3.463556
5576535.5	5799280	30.5666656	27.5666656	142.011672973633	74	1.43801999092102	3.454303
5576535.5	5799364	43.5666656	29.7333317	139.523330688477	76	1.50367498397827	4.068583
5576536	5799322	26.3499985	30.625	142.307495117188	69	1.72658574581146	3.833151
5576537	5799406	29.7333317	39.0666656	140.794998168945	101	1.91014289855957	3.593287
5576538	5799448	29.3428555	36.2142868	140.219284057617	101	1.8095999956131	4.000384
5576538	5799491	37.5333328	39.3833313	139.622497558594	66	2.10139012336731	4.287207
5576539	5799533.5	33.9833336	26.5	142.465835571289	79	1.77252507209778	4.096649
5576539	5799576.5	35.8571434	24.8571434	144.798568725586	63	1.36275994777679	3.248435
5576540	5799618.5	40.8800011	28.460001	142.710998535156	46	1.37921249866486	3.329586
5576541	5799660.5	38.5833321	35.7999992	140.815841674805	101	1.93589997291565	3.338107
5576541	5799745.5	26.3999996	34.6599998	141.008010864258	71	2.69548320770264	4.336085
5576542	5799703.5	36.5499992	25.8833332	139.874160766602	101	1.95233750343323	3.386438
5576542	5799787.5	21.579998	27.8999996	143.785003662109	44	2.46783328056335	5.464321
5576543	5799830	23.2166672	29.7833328	143.292495727539	40	2.75848007202148	5.215889
5576543.5	5799872	33.7999992	25.0333328	143.074172973633	101	1.57547497749329	4.083945
5576543.5	5799958	20.3666668	25.3500004	143.033340454102	37	2.46842741966248	5.345804
5576544.5	5799916	20.6333332	39.6000023	142.731674194336	101	2.07516670227051	4.258039
5576545.5	5800001	17.2555561	22.4444447	141.603332519531	101	1.96394002437592	3.958641
5576554	5799172.5	22.4333344	35.3666687	139.851669311523	101	1.31964993476868	3.264229
5576555	5799214.5	24	15.7600002	140.113998413086	31	1.29576671123505	2.909672
5576556	5799257	35.4666634	23.7333317	143.446670532227	57	1.2193249464035	3.171983
5576557	5799301	24.6399994	33.8799973	139.516998291016	69	1.66839003562927	3.907857
5576558	5799343	22.8500004	27.0750008	140.304992675781	60	1.87442862987518	4.020773
5576558	5799385	37.3600006	36.5	141.240997314453	101	1.53137993812561	4.088618
5576558.5	5799428	34.7000008	40.5600014	140.511993408203	80	1.95087134838104	3.600749
5576558.5	5799469	31.2000008	30.0600014	140.675003051758	67	1.84055709838867	3.798676
5576559.5	5799512	29.4428577	30.5428581	142.837142944336	80	2.01669001579285	4.351158
5576560.5	5799554.5	36.5	29.7166672	144.611663818359	65	1.75722503662109	4.098408
5576560.5	5799596.5	31.1333332	34.2666664	142.675827026367	101	1.8364999294281	3.455557
5576561.5	5799640.5	35.920002	26.039999	140.188995361328	75	1.42181253433228	2.948205
5576561.5	5799724.5	37.6200027	20.5	140.910003662109	101	1.77877998352051	3.647447
5576562.5	5799681.5	33.6166649	34.8833313	139.936660766602	101	1.75152504444122	4.263638
5576563.5	5799766.5	21.7666683	27.9499989	143.79167175293	75	2.59815001487732	5.368087
5576564.5	5799808.5	22.6333332	29.9333344	143.052505493164	52	2.40913319587708	5.629762
5576564.5	5799936	23.1399994	30.1799984	143.335998535156	101	2.50370001792908	4.974831
5576565.5	5799852	21.8833332	29.8000011	143.268325805664	55	2.53810000419617	5.386402
5576565.5	5799893	18.9799995	26.2999992	142.358001708984	69	2.64633345603943	4.946387
5576566	5799979	23.7250004	29.4749985	139.838745117188	59	2.37890005111694	4.888498
5576575.5	5799151.5	41.9749985	40.1999969	140.619995117188	65	1.58907496929169	3.088159
5576576.5	5799193.5	21.3250008	14.6499996	140.978759765625	101	2.11868000030518	2.972607
5576576.5	5799236	35.5	23.3000011	143.538330078125	51	1.15043997764587	2.796598
5576577.5	5799364	34.0833321	29.7333317	141.466659545898	37	1.63808572292328	3.735972
5576578.5	5799279	35.5333328	30.5499973	140.963333129883	83	1.33812499046326	3.332718
5576578.5	5799320	21.2199993	26.3999996	140.550994873047	61	1.67739999294281	3.883927
5576579.5	5799406	38.3499985	37.3250008	140.677505493164	87	1.26639997959137	3.489027
5576580.5	5799449	29.8500004	31.2000008	141.232513427734	70	1.87686669826508	4.0898
5576581	5799491	30.5499992	36.9000015	143.850616455078	101	1.69422852993011	4.138237
5576581	5799532.5	34.0333328	35.1000023	144.396667480469	101	1.99503004550934	4.482343
5576582	5799575.5	31.7124996	34.5	141.484375	69	1.79589998722076	4.020653
5576582	5799617.5	36.7000008	27.9666672	139.891662597656	101	1.32315003871918	3.517961
5576583	5799660.5	30.1222229	32.1666679	141.48388671875	95	1.64416253566742	3.96904
5576584	5799744.5	44.2000008	41.0750008	143.901245117188	101	2.46698999404907	4.519645
5576585	5799787.5	24.7250004	33.9000015	142.78125	73	2.35398745536804	5.407914
5576585	5799830.5	24.0777779	29.0444431	142.480545043945	60	2.39491987228394	5.285544
5576586	5799873	33.9599991	38.2799988	143	65	1.98921418190002	4.006526
5576586	5799915	23.375	31.375	143.307495117188	48	2.15455460548401	4.370228
5576587	5799956	31.6166668	31.6499996	139.653335571289	101	1.47794997692108	3.656122
5576597	5799128.5	41.7600021	26.5200005	140.809997558594	76	1.49547493457794	2.894329
5576597	5799171.5	30.2200012	19.0599995	141.131011962891	45	2.08252501487732	2.80696
5576598	5799214.5	40.9666672	26.9499989	143.8125	78	1.48395001888275	3.241359
5576598	5799257	35.9000015	30.1200008	141.389999389648	56	1.53031671047211	3.595523
5576599	5799300	27.0200005	35.2200012	140.07600402832	61	1.65140008926392	3.702883
5576599	5799341	31.5166683	31.9499989	141.160003662109	28	1.32265555858612	3.546992
5576600	5799383	37.1444435	36.2222214	141.657775878906	42	1.79078340530396	3.840894
5576601	5799426	38.2600021	28.0600014	144.418991088867	53	1.51230001449585	3.991336
5576602	5799470	41.7285728	38.5	144.130004882813	65	1.90192866325378	4.284684
5576602	5799512	20.3250008	29.5	141.698745727539	91	1.71555006504059	4.234913
5576603	5799553.5	36.1000023	41.8999977	139.901657104492	101	1.87460994720459	4.323277
5576603	5799596.5	34.3199997	32.5999985	140.785003662109	70	1.73364996910095	3.898273
5576604.5	5799638.5	38	39.4000015	141.887496948242	71	1.51310002803802	3.932465
5576604.5	5799723.5	26.5571423	29.8571434	143.818572998047	79	2.10663747787476	4.434965
5576605.5	5799681.5	40.7399979	33.159996	143.543991088867	101	1.70798885822296	3.933839
5576605.5	5799764.5	37.5	43.5666656	143.645004272461	80	2.4314398765564	4.802796
5576605.5	5799808.5	36.2249985	37.1749992	141.418746948242	59	2.35447001457214	4.980225
5576607.5	5799852	48.514286	43.1571426	142.828567504883	64	2.21665716171265	3.954974
5576607.5	5799936	32.1333351	37.2999992	139.893325805664	39	2.33979082107544	4.728196
5576609.5	5799977	25.3500004	29.8166656	144.380844116211	81	1.39575004577637	4.025825
5576619.5	5799193.5	32.4124985	31.8374996	142.651870727539	24	1.51085996627808	3.493735
5576619.5	5799321	30.528574	31.1428566	140.39714050293	79	1.59764003753662	4.410802
5576620.5	5799278	34.985714	31.7714272	141.312850952148	46	1.71193325519562	4.165683
5576620.5	5799363	25.6999989	37.6166649	143.794174194336	31	1.78337502479553	4.194733
5576621.5	5799447	34.2571449	32.7571449	144.600723266602	85	1.13124001026154	3.947787
5576622.5	5799405	49.5666656	40.1333351	143.963333129883	59	1.93142867088318	3.630932
5576623.5	5799491	25.9666672	35.8166656	142.382507324219	59	1.94355714321136	4.210074
5576623.5	5799533.5	30.6499996	34.3999977	140.295837402344	60	1.82455992698669	4.238709
5576623.5	5799575.5	31.4333344	35.1000023	141.335830688477	101	1.76175999641418	4.240905
5576625.5	5799617.5	29.75	35.2000008	141.559158325195	80	1.79082500934601	3.854605
5576626	5799659.5	37.5750008	37.9249992	143.487503051758	69	1.98290002346039	4.597897
5576626	5799702.5	33.6499977	34.3500023	143.509170532227	101	1.87935996055603	4.12564
5576626	5799744.5	44.0999985	50.9000015	143.485000610352	69	2.06044268608093	4.355709
5576626	5799786.5	39.7999992	27.6333332	140.53498840332	85	2.5014123916626	4.602776
5576628	5799829	47.1166687	39.4666672	143.05583190918	35	1.84983003139496	4.117025
5576629	5799915	42.9000015	24.3199997	139.17399597168	71	1.24024283885956	3.011416
5576629	5799957	30.8100014	31.7799988	143.901504516602	70	1.83159995079041	3.933567
5576630	5799999	35.2999992	28.2749996	141.485000610352	63	2.03355002403259	3.48019
5576639.5	5799129.5	21.3999996	28.1500015	143.268753051758	43	2.33759999275208	3.793307
5576639.5	5799171.5	33.8199997	37.9000015	140.988998413086	84	1.92367506027222	3.643794
5576639.5	5799213	22.3199997	29.2399998	139.876998901367	27	1.69510006904602	3.613721
5576641	5799256	30.5714283	34.9285698	140.936431884766	60	1.39170002937317	4.110439
5576641	5799300	38.9666672	41.7000008	140.545822143555	51	2.00239992141724	4.144888
5576642	5799342	35.9749985	29.375	143.815002441406	101	1.31072497367859	3.882619
5576643	5799384	19.0166664	22.9499989	143.899169921875	39	2.03920984268188	3.96715
5576643	5799425	41.7000008	22.25	144.634994506836	63	1.39566659927368	3.432273
5576644	5799468	35.7249985	38.375	140.807495117188	101	1.6159200668335	4.388483
5576644	5799510.5	26.6399994	34.1800003	140.027008056641	46	1.95146667957306	4.536123
5576645	5799553.5	34.6399994	32.079998	141.49299621582	101	1.57162499427795	4.425538
5576646	5799596.5	26.5333328	30.6000004	141.286666870117	73	1.92841243743896	4.061256
5576646	5799680.5	45	40.7999992	143.383758544922	51	1.91893994808197	4.569791
5576647	5799638.5	20.9333324	23.6333332	143.329177856445	101	2.35244989395142	3.721809
5576647	5799723.5	48.5166664	43.9833336	143.262496948242	62	1.90863335132599	4.475513
5576648.5	5799765.5	23.8600006	33.420002	140.319000244141	45	1.8808000087738	3.619273
5576648.5	5799808	25.5333328	15.4666672	142.949996948242	63	1.66822504997253	3.477706
5576648.5	5799892	51.2000008	31.6000004	139.679992675781	101	1.44525992870331	3.002826
5576649.5	5799850	36.4749985	26.375	139.565002441406	65	1.59144997596741	3.311401
5576649.5	5799936	46.0999985	27.5299988	144.375503540039	79	1.34853327274323	3.181206
5576651.5	5799978	39.7833328	26.5166683	141.474990844727	50	1.4098699092865	3.018592
5576651.5	5800021	37.0200005	26.539999	141.845993041992	61	1.45583999156952	3.411483
5576660	5799107.5	18.2000008	27.2000008	143.233001708984	77	2.21667146682739	3.94382
5576661	5799149.5	23.0499992	29	141.492492675781	41	2.04014992713928	3.818213
5576661	5799192.5	34.5999985	30.8400002	139.131988525391	101	1.41966247558594	3.376358
5576662	5799235	32.0428581	33.0999985	140.679290771484	36	1.32630002498627	3.647629
5576663	5799277	23.3142853	29.1428566	141.284286499023	69	1.62391436100006	4.321799
5576663	5799319	38.2999992	36.5	144.169998168945	34	1.56664001941681	4.158437
5576663.5	5799363	26.8444443	35.2777786	143.553329467773	101	1.5249799489975	3.87412
5576664.5	5799405	35.9000015	21.2999992	141.589996337891	50	1.48455440998077	4.259798
5576664.5	5799447	35.9777756	23.1444454	139.961669921875	73	1.40299999713898	3.646229
5576665.5	5799489.5	19.3500004	24.8500004	141.258758544922	78	2.28437495231628	5.022092
5576666.5	5799531.5	32.0200005	32.5600014	140.955001831055	48	1.69764006137848	4.489213
5576666.5	5799659.5	21.1000004	27.6000004	143.660003662109	101	1.88597500324249	3.866277
5576667.5	5799616.5	35.4799995	36.3600006	142.692993164063	65	1.43023335933685	4.300149
5576668.5	5799701.5	27.8666668	35.2555542	141.644989013672	59	1.87029993534088	5.147492
5576669.5	5799743.5	31.2666645	30.8999996	142.25	65	1.49221813678741	3.625464
5576669.5	5799786.5	39.4000015	41.4499969	142.877502441406	35	1.78459990024567	3.132104
5576670.5	5799829	32.2599983	33.5200005	139.281997680664	70	1.70184445381165	3.380744
5576670.5	5799871	21.5200005	29.5200005	144.755004882813	70	2.23342990875244	3.920594
5576671	5799913	22.4599991	17.039999	143.488998413086	101	1.8724399805069	3.977702
5576672	5799955	39.5600014	32.1599998	140.875	101	1.54288005828857	2.98
5576673	5799999	42.7000008	21.960001	142.184997558594	39	1.24302852153778	2.484191
5576682.5	5799128.5	17.7999992	31.2000008	141.880004882813	72	2.02127146720886	3.879564
5576682.5	5799170.5	25.460001	26.7999992	138.597991943359	49	1.7989000082016	3.51041
5576682.5	5799214	31.2250004	36.0374985	140.536880493164	101	1.89301252365112	3.559997
5576683.5	5799256	32.2999992	31	143.33642578125	50	1.17467498779297	3.488467
5576684.5	5799298	37.420002	30.1599998	143.369995117188	73	1.80795001983643	4.305204
5576684.5	5799340	33.3375015	31.4874992	142.666259765625	59	1.28945004940033	3.772099
5576685.5	5799384	32.420002	29.1800022	140.095001220703	101	1.5424200296402	4.104507
5576685.5	5799426	38.920002	33.9599991	138.917999267578	51	2.08947777748108	4.134807
5576686	5799468	23.9499989	28.5500011	141.840835571289	101	1.38738572597504	3.933621
5576687	5799510.5	21.1999989	28.416666	140.866668701172	101	2.32578015327454	4.452002
5576687	5799552.5	18.9799995	23.3800011	142.733001708984	101	2.18631672859192	4.783433
5576688	5799595.5	19.2166672	26.416666	142.642501831055	101	2.08017778396606	4.548929
5576689	5799637.5	29.0999985	43.5999985	142.72624206543	63	1.70203638076782	4.77486
5576689	5799679.5	21.4666672	43.1499977	139.991668701172	101	1.53527498245239	4.297365
5576690	5799721.5	27.833334	34.8166656	142.60417175293	64	1.98699986934662	4.476725
5576691	5799808	28.3166656	34.6666679	138.970840454102	40	2.20064997673035	3.101755
5576692	5799850	24.2666683	33.8833351	142.884170532227	40	2.3292498588562	4.303199
5576692	5799892	23.5666656	31.5	142.728332519531	69	2.21214437484741	4.350667
5576693	5799934	41.6200027	28.3799992	141.361999511719	101	1.79957497119904	3.337968
5576693.5	5800019	39.5750008	26.125	140.269989013672	55	1.29216253757477	3.059815
5576694.5	5799976	34.25	25.2999992	141.529998779297	101	1.2846200466156	2.89392
5576703	5799148.5	21.0571423	26.1999989	138.784286499023	83	2.05081415176392	4.258852
5576704	5799192.5	24.9399986	31.3799992	140.941986083984	37	2.14412498474121	4.222263
5576704	5799235	34.7999992	41.1399994	144.204010009766	101	1.94167494773865	3.942948
5576705	5799277	41.6333351	33.6833344	141.973327636719	33	1.21334993839264	3.741217
5576705	5799319	33.485714	22.8714294	142.879287719727	101	2.11711430549622	4.302532
5576706	5799361	26.4833317	37.9833336	139.895004272461	65	1.58377504348755	4.379575
5576707	5799446	28.1999989	30.8285713	142.388565063477	67	1.62023997306824	4.163387
5576708	5799403	22.1800003	33.9599991	139.057006835938	101	1.7296142578125	4.635103
5576708	5799532.5	24.0857143	29.3714294	142.557846069336	60	1.84137988090515	4.537231
5576708.5	5799489.5	23.8999996	24.9750004	140.208755493164	101	1.85515010356903	4.820908
5576708.5	5799573.5	18.8666668	30.5166683	142.90998840332	101	1.91414284706116	4.943366
5576709.5	5799658.5	25.2399998	31.2399998	140.147994995117	66	1.85178184509277	5.005453
5576710.5	5799615.5	26.5333328	29.8000011	142.40998840332	64	1.78768754005432	4.265854
5576711.5	5799700.5	19.8000011	27.3833332	142.762496948242	90	2.29141998291016	4.806484
5576711.5	5799785	40	25.5200005	138.998992919922	61	1.57526671886444	3.571093
5576712.5	5799829	36.4818153	31.5272713	143.449554443359	53	1.67442214488983	3.208218
5576712.5	5799871	26.420002	37.920002	140.576995849609	45	2.15696239471436	4.119052
5576714.5	5799914	31.1000004	29.4799995	142.690002441406	45	1.69975554943085	3.495636
5576714.5	5799956	28.3400002	35.2999992	141.165985107422	80	1.94309997558594	3.022974
5576714.5	5799997	33.0333328	35.1333313	140.865005493164	101	1.48016655445099	3.499488
5576724.5	5799127.5	22.5166683	24.7833328	138.646667480469	101	2.40974450111389	4.844537
5576724.5	5799212	24.3400002	27.1399994	144.256988525391	40	2.1969428062439	3.768296
5576725.5	5799170	18.8500004	26.0375004	141.255615234375	101	2.42518186569214	4.97885
5576725.5	5799298	31.2999992	30.6399994	142.356002807617	41	1.89719998836517	4.521346
5576726.5	5799256	29.1428566	36.014286	142.309295654297	101	1.82295000553131	3.630187
5576727.5	5799340	29.8799992	29.960001	140.024993896484	101	1.988285779953	4.505311
5576727.5	5799424	27.7999992	28.0777779	141.771118164063	68	1.71976661682129	4.645759
5576728.5	5799382	22.833334	29.8000011	139.091674804688	54	2.0372200012207	4.819068
5576728.5	5799509.5	22.5666656	34.5	142.422500610352	101	2.00819993019104	4.985274
5576730.5	5799553.5	20.4000015	30.3500004	142.892501831055	75	1.27645003795624	4.800431
5576730.5	5799636.5	30.4666672	26.4333344	140.294998168945	41	1.47247779369354	4.539029
5576731	5799594.5	27.5625	31.2124996	141.948120117188	75	1.78657150268555	4.38202
5576731	5799679.5	20.7999992	29.6000004	142.566009521484	74	1.98741805553436	5.472927
5576732	5799721.5	29.1000004	43.1599998	138.428009033203	56	1.93047499656677	5.657008
5576733	5799764.5	33.5999985	29.6749992	143.581237792969	55	1.66705000400543	4.142325
5576733	5799806	45.6333351	31.1555557	142.252777099609	72	1.65555000305176	3.950807
5576734	5799848	31.579998	27.1200008	140.472991943359	61	1.60111999511719	3.452196
5576734	5799892	31.2200012	27.539999	142.739990234375	59	2.0203001499176	3.829551
5576735	5799935	32.2166672	26.6999989	141.213333129883	49	1.56736671924591	3.263685
5576736	5799977	26.0333328	39.3666649	140.505004882813	69	2.20949983596802	3.861053
5576736	5800018	43.1800003	30.3600006	142.918991088867	101	1.82008743286133	4.609631
5576746	5799148.5	19.4555569	30.2888889	142.011108398438	101	2.57898187637329	5.080605
5576746	5799192	24.8250008	36.1500015	141.59375	101	1.82971000671387	3.815461
5576747	5799233	32.5833321	32.0166664	142.404998779297	35	1.65725004673004	3.436367
5576747	5799276	32.6666679	35.8333321	140.921676635742	83	2.0066499710083	4.12633
5576748	5799319	27.0500011	34.7333336	139.175003051758	38	1.93580007553101	4.419366
5576748	5799361	16.8400002	27.8600006	143.106002807617	101	1.72491431236267	4.50335
5576749	5799404	28.2833328	28.3666668	140.259994506836	51	1.61771667003632	4.094302
5576751	5799487.5	27.6714287	34.485714	142.255706787109	48	1.68376672267914	4.309408
5576751	5799530.5	31.3000011	33.7666664	143.20832824707	101	1.8996000289917	4.687487
5576751	5799573.5	32.3111115	22.3444443	140.610549926758	60	1.79542005062103	3.900374
5576753	5799616.5	44.0400009	36.7399979	141.755004882813	69	1.51406669616699	4.4619
5576753.5	5799700.5	28.7000008	35.3799973	138.053009033203	80	1.92570006847382	5.211443
5576753.5	5799742.5	19.9399986	21.8600006	143.115997314453	101	2.08750009536743	5.235304
5576753.5	5799786	33.7166672	35.3666649	143.151672363281	60	2.13147497177124	4.526443
5576754.5	5799869	34.7399979	33.4000015	142.045989990234	75	1.48233640193939	3.849616
5576755.5	5799828	30.4333344	38.6666679	140.053329467773	80	1.79910004138947	4.361165
5576756.5	5799912	32.0999985	28.539999	141.553009033203	69	1.97960007190704	3.7899
5576756.5	5799998	23.0166683	30.0666656	142.857498168945	39	2.2279200553894	4.257713
5576757.5	5799956	25.1199989	34.5600014	140.611999511719	58	2.31282210350037	4.291012
5576767	5799127.5	23.0666656	31.3000011	143.043334960938	101	2.66110014915466	5.052788
5576767	5799170	20.4399986	32.2999992	141.378005981445	101	2.14788007736206	3.559937
5576768	5799213	31.625	34.7000008	142.88313293457	101	1.96599006652832	3.614892
5576768.5	5799254	25.3500004	35.25	140.608337402344	37	1.86796653270721	3.830684
5576768.5	5799296	31.1333332	22.3000011	139.266662597656	77	2.27913737297058	4.527284
5576769.5	5799339	30.3666668	37.1000023	143.065002441406	42	1.78734993934631	4.015562
5576769.5	5799383	18.8999996	29.6000004	140.470001220703	101	1.5116571187973	4.63744
5576769.5	5799425	31.7399998	25.3600006	142.696990966797	79	2.07011437416077	4.844628
5576771.5	5799467.5	35.420002	33.3600006	141.884994506836	101	1.74921429157257	4.511919
5576771.5	5799508.5	28.7200012	29.2000008	143.707000732422	54	1.67085456848145	4.316667
5576772.5	5799551.5	50.7999992	38.4166679	140.737503051758	101	1.64938342571259	2.893082
5576774.5	5799679.5	38.5400009	28.7600002	138.274002075195	60	1.63812494277954	4.159918
5576775.5	5799721.5	36.8600006	26.289999	142.959503173828	59	1.45236670970917	4.516861
5576775.5	5799764	33.5999985	37.6800003	139.587005615234	90	1.96875989437103	4.502705
5576776	5799807	27.2999992	46.2000008	141.683746337891	62	1.86412501335144	5.583526
5576776	5799849	26.2666683	36.1666679	140.873336791992	101	1.93083643913269	4.778463
5576777	5799891	37.4249992	25	140.815002441406	101	1.97220003604889	4.200142
5576778	5799975	24.1999989	33.9500008	143.306655883789	59	2.15861105918884	3.605506
5576787.5	5799104.5	27.3571434	26.8714294	142.366424560547	79.5	2.70548748970032	4.589989
5576787.5	5799147	21.5428581	29.0285702	141.534286499023	101	2.65810012817383	4.633491
5576789.5	5799191	54.1285706	41.8999977	142.729278564453	101	2.17409992218018	3.144141
5576789.5	5799234	27.6999989	35.1833344	139.808334350586	77	2.23559999465942	3.954338
5576789.5	5799276	25.2800007	31.7999992	139.259994506836	83	1.72101247310638	3.763929
5576791	5799317	39.1000023	39.7333336	142.95832824707	58	1.94757497310638	3.877478
5576791	5799360	36.7000008	22.8999996	139.808990478516	54	1.87724995613098	3.877614
5576791	5799404	20.5500011	28.9666672	141.426666259766	58	1.97107493877411	4.542586
5576792	5799446	34.1399994	33.9399986	141.769989013672	44	1.87391662597656	4.399931
5576793	5799488.5	24.5	22.460001	142.761993408203	101	1.68992006778717	4.328461
5576793	5799529.5	43.75	44.7249985	141.191253662109	71	1.95987784862518	3.254203
5576794	5799572.5	41.6800003	30.460001	142.649002075195	79	1.86076676845551	4.369367
5576794	5799614.5	37.1500015	26.2000008	136.824996948242	33	1.27759993076324	3.811345
5576795	5799657.5	45.5499992	27.25	137.307495117188	46	1.49087142944336	3.885659
5576796	5799742	37.1399994	29.460001	140.11799621582	47	1.4453090429306	4.150338
5576797	5799699.5	42.4000015	28.7999992	141.663497924805	51	1.32910001277924	3.563803
5576797	5799785	37.4333305	38.3333321	141.960006713867	95	1.72769999504089	5.227996
5576797	5799828	28.4500008	48.3499985	140.770004272461	65	1.36283993721008	4.425277
5576798	5799870	33.079998	34.8400002	140.746002197266	101	1.91765451431274	4.43155
5576798.5	5799954	23.1749992	34.5750008	144.868743896484	101	2.24177503585815	3.765786
5576799.5	5799912	41	27.2249985	142.701248168945	101	1.93269002437592	3.827528
5576809	5799126.5	24.0375004	35.125	141.589370727539	68	2.68607497215271	4.268907
5576810	5799169	34.0666656	35.5666656	143.863327026367	73	2.47492003440857	4.122525
5576810	5799212	39.5166664	28.3000011	141.005828857422	101	1.49136674404144	3.207344
5576811	5799254	22.3000011	39.9333344	143.169998168945	50	2.02120900154114	4.131105
5576811	5799297	29.9666672	31.1444435	141.904998779297	30	1.75900995731354	3.673542
5576812	5799381	35.3571434	33.2142868	141.389282226563	20	1.91715002059937	4.401824
5576813	5799423.5	22.0750008	35.3499985	142.175003051758	63	1.82315993309021	4.668097
5576813.5	5799509.5	36.5999985	35.75	141.697509765625	101	2.03749990463257	4.154036
5576814.5	5799466.5	38.9000015	27.460001	141.835494995117	44	1.54794991016388	4.038457
5576814.5	5799593.5	25.1599998	34.5999985	137.207000732422	68	1.54444289207458	4.246794
5576815.5	5799551.5	36.1500015	28.25	143.097503662109	66	1.40434539318085	3.944954
5576815.5	5799635.5	35.3250008	31.2999992	142.991241455078	41	1.5362800359726	4.423425
5576816.5	5799678.5	26.5666656	25.833334	140.440002441406	101	1.68852865695953	4.123862
5576816.5	5799720.5	32.2000008	32.420002	140.399002075195	64	1.39096999168396	3.240018
5576818.5	5799763	38.4000015	30.1399994	141.714004516602	59	1.20749092102051	4.509355
5576818.5	5799805	31.6399994	43.2400017	140.212997436523	35	1.79632496833801	5.15612
5576818.5	5799847	29.6599998	35.8400002	141.128997802734	63	1.58685994148254	4.50091
5576819.5	5799891	41.5999985	27.5599976	142.72900390625	101	1.96824431419373	4.169487
5576819.5	5799933	35.6399994	32.4599991	144.733001708984	101	1.62838888168335	3.89301
5576820.5	5799975	30.7799988	34.3600006	143.679000854492	101	2.45462989807129	4.262586
5576821	5800017	42.2099991	34.0999985	142.904510498047	54	1.79722499847412	3.19065
5576830.5	5799105.5	28.8857136	30.3571434	142.550704956055	73	1.94729995727539	3.744333
5576830.5	5799148	30.3400002	33.0999985	140.180999755859	73	2.50276684761047	3.935356
5576830.5	5799232	24.3599987	31.1599998	143.014999389648	69	2.21011114120483	3.13868
5576831.5	5799190	52.7166634	38.4666634	142.059158325195	68	1.43944990634918	2.839803
5576831.5	5799275	20.9285717	31.3285713	140.057144165039	81	1.91977000236511	3.629232
5576832.5	5799360	37.2464294	28.8500004	140.65608215332	35	2.26624989509583	3.624076
5576833.5	5799318	27.7999992	34.4749985	142.679992675781	37	2.11601424217224	3.157024
5576834.5	5799402	37.875	36.2750015	143.029998779297	25	1.57085001468658	4.325932
5576835.5	5799444.5	29.333334	29.8000011	141.009994506836	71	1.54872500896454	4.074059
5576835.5	5799486.5	22.3800011	30.4799995	141.962997436523	87	1.84348571300507	5.141762
5576836	5799573.5	25.666666	42	136.816665649414	79	1.6151750087738	4.110513
5576837	5799614.5	18.6999989	27.4666672	142.311660766602	65	2.0323166847229	3.755991
5576837	5799656.5	37.4666672	34.5	140.193328857422	62	1.53290009498596	4.266385
5576838	5799698.5	32.2000008	35	139.973327636719	101	1.48678576946259	4.04726
5576838	5799742	43	37.9499969	141.794998168945	101	1.63328886032104	3.545382
5576839	5799784	33.6500015	34.6749992	139.977508544922	51	1.75269091129303	3.350058
5576840	5799826	31.9249992	28.1749992	141.182495117188	58	1.42747497558594	4.900154
5576840	5799868	41.6000023	37.2666664	142.626663208008	101	1.84917151927948	4.016151
5576842	5799912	37.5333328	25.2333317	144.891662597656	101	1.73574995994568	4.340902
5576842	5799954	38.2181816	38.8909073	143.407272338867	101	1.71501111984253	3.815041
5576842	5799997	45.9400024	34.079998	144.553009033203	80	1.72661113739014	4.24113
5576843.5	5800038.5	30.7999992	43.8499985	141.842498779297	70	2.32588005065918	4.086894
5576852	5799126.5	30.3500004	30.1000004	140.56916809082	61	1.65232491493225	3.675343
5576852	5799169	28.5	34.1800003	141.845001220703	79	1.94937992095947	3.541758
5576852	5799211	26.8999996	35.1333351	142.730834960938	75	2.09064984321594	3.250612
5576853	5799253	19.7857151	29.985714	140.407852172852	61	1.97558999061584	3.558101
5576854	5799296	23.9333344	37.5	142.858337402344	101	2.1163637638092	3.514843
5576855	5799339	21.3999996	25.6857147	141.323577880859	40	2.30241417884827	3.459047
5576855	5799381	38.7666664	37.1000023	143.44499206543	58	1.44793748855591	3.818763
5576855	5799423.5	24.8999996	30.5666656	141.36750793457	44	2.06839990615845	4.361374
5576856	5799465.5	20.333334	26.083334	142.729995727539	101	1.92445003986359	4.7258
5576858	5799550.5	29.8250008	42.2999992	136.837493896484	70	1.66672003269196	4.063653
5576858	5799592.5	19.9699993	35.579998	142.13200378418	70	1.78115010261536	3.738435
5576858	5799634.5	26.7000008	24.5	139.93000793457	101	1.66918563842773	3.611671
5576859.5	5799677.5	40.3833351	31.7166672	141.589172363281	79	1.48011994361877	3.532009
5576859.5	5799720	28.0249996	33.8250008	139.958740234375	101	1.52475714683533	3.800121
5576860.5	5799763	25.4666672	40.7000008	142.224990844727	76	1.77207779884338	4.281309
5576860.5	5799847	37.1714287	25.4571419	144.462142944336	80	1.12164998054504	3.25889
5576861.5	5799805	37.7999992	34.25	143.735000610352	49	1.55159997940063	3.74388
5576861.5	5799932	36.4500008	35.8166656	143.603332519531	75	1.77987134456635	3.663394
5576863.5	5799975	33.7444458	22.1111107	143.85221862793	79	1.39158999919891	3.223426
5576872	5799104.5	29.5	22.3666668	139.693344116211	83	1.96809995174408	3.906142
5576873	5799148	20.8250008	27.6000004	140.857498168945	40	2.43832492828369	3.803442
5576873.5	5799190	23.0999985	32.8777771	142.60612487793	101	2.28736662864685	3.453438
5576873.5	5799232	19.833334	27.9666672	140.271667480469	84	2.18221664428711	3.761195
5576874.5	5799274	20.3666668	34.9666672	142.86833190918	54	2.458899974823	3.66929
5576874.5	5799359	22.2000027	27.2999973	143.061660766602	35	1.67998886108398	3.819139
5576875.5	5799316	18.5	25.7666683	141.297500610352	101	2.15829992294312	4.133592
5576876.5	5799402	41	29.7999992	141.758743286133	69	1.29887497425079	3.461834
5576877.5	5799444.5	25.4799995	33.4000015	142.503005981445	60	1.58432507514954	4.763999
5576877.5	5799486.5	18.2999992	29.6749992	135.800003051758	101	1.90426671504974	5.281543
5576878.5	5799571.5	24.1899986	42.329998	141.26350402832	75	1.64195990562439	4.4196
5576879.5	5799613.5	32.6399994	32.4000015	139.856002807617	90	1.93413996696472	3.232797
5576880.5	5799656.5	30.8666668	35.0833321	140.863327026367	101	1.46068751811981	3.479277
5576881	5799698	24.5750008	36.2750015	140.014999389648	69	1.85857498645782	4.146414
5576881	5799740	31.1499996	33.8499985	142.126251220703	71	1.42599999904633	3.850536
5576882	5799784	33.6800003	36.5999985	143.639999389648	56	1.4595445394516	3.580809
5576882	5799826	32.9500008	28	145.274993896484	38	1.60197007656097	3.446203
5576883	5799869	27.8666668	34.6666679	143.731674194336	101	2.24892497062683	3.619731
5576883	5799910	25.420002	37.7600021	141.996994018555	65	1.81948339939117	4.892925
5576884	5799952	37.7799988	24.7000008	143.379501342773	90	1.23105716705322	3.19367
5576884	5799995	40.7000008	19	141.720001220703	65	1.19567501544952	2.762916
5576893.5	5799125	36.0666656	19.4666672	142.335006713867	101	1.89973342418671	4.205607
5576894.5	5799167	25.3374996	29.5874996	142.113128662109	48	1.7731249332428	3.8543
5576895.5	5799211	33.9000015	30.9500008	142.522491455078	101	2.0582001209259	3.631179
5576896	5799253	31.1000004	30.954546	141.971817016602	101	2.20138335227966	3.617961
5576896	5799296	28	33.2999992	142.899993896484	81	2.09942221641541	3.789914
5576896	5799337	23.2111111	29.8666649	142.57389831543	101	1.60707783699036	3.705099
5576897	5799379.5	34.5666656	27.8666668	143.085006713867	60	1.40467500686646	3.159268
5576899	5799466.5	17.8199997	29.4399986	135.985992431641	50	1.78159999847412	4.457686
5576899	5799508.5	22.8199997	41.1800003	141.882995605469	101	1.51371419429779	4.555486
5576899	5799549.5	24.8833332	39.4166679	140.846664428711	61	1.77008330821991	4.284001
5576900	5799591.5	31.0249996	26.4500008	139.681243896484	54	1.33179998397827	3.379139
5576901	5799634.5	31.2200012	22.460001	141.141006469727	101	1.26047778129578	3.265339
5576902	5799720	45.625	43	141.738754272461	53	1.64768004417419	3.706145
5576903	5799677.5	26.125	34.625	140.327499389648	101	1.5026832818985	3.773016
5576903	5799805	37.8400002	35.2399979	145.253997802734	52	1.47922003269196	3.668324
5576903.5	5799761	33.5666656	34.9000015	144.391662597656	61	1.43029999732971	3.629292
5576903.5	5799847	32.8199997	21.3800011	143.399002075195	60	1.37358999252319	3.332747
5576904.5	5799890	31.8625011	35.6875	143.175003051758	60	1.65387499332428	4.179959
5576904.5	5799932	26.1799984	29.1799984	143.07600402832	70	1.8218857049942	4.352084
5576906.5	5799973	21.4500008	16.3500004	141.556243896484	95	2.04664278030396	3.727349
5576915	5799146	37.1421051	25.5421047	141.908157348633	87	1.89306914806366	3.723381
5576916	5799232	35.4714279	18.8714294	142.294998168945	101	1.60940003395081	3.686183
5576917	5799188	31.039999	22.4200001	142.175003051758	51	1.60072493553162	3.17001
5576917	5799274	38.7249985	31.7999992	143.303756713867	101	1.75065004825592	3.558735
5576917	5799317	33.0833321	31.7666683	142.656661987305	101	1.74933755397797	3.629867
5576918	5799358	30.920002	30.8799992	142.891998291016	73	1.55403637886047	3.613858
5576918.5	5799443.5	34.2666664	31.8500004	135.232498168945	82	1.35167503356934	3.3188
5576919.5	5799486.5	23	31.5750008	141.699996948242	41	1.509850025177	4.030851
5576920.5	5799529.5	25.8833332	26.25	140.689163208008	101	1.74481248855591	4.56164
5576920.5	5799570.5	34	31.6500015	141.217498779297	48	1.73821425437927	3.563832
5576922.5	5799612.5	41.3000031	29.75	140.320007324219	80	1.4644832611084	3.614483
5576923.5	5799655.5	31.1750011	29.9750004	141.202499389648	41	1.20478880405426	3.149007
5576923.5	5799698.5	29.1000004	15.0666666	142.021667480469	101	1.25301432609558	3.724493
5576923.5	5799741	36.7857132	37.9428596	144.715713500977	57	1.79745006561279	3.333857
5576923.5	5799782	39.5666656	28.1000004	145.446670532227	101	1.1836199760437	3.437169
5576925.5	5799825	30.75	33.8699989	143.057510375977	85	1.69153332710266	3.430477
5576925.5	5799867	35.044445	33.1666679	143.335556030273	54	1.36914551258087	3.372381
5576926	5799953	21.8999996	18.3999996	142.824996948242	57	1.7911125421524	4.497785
5576936.5	5799168	40.2833328	18.1833324	141.721664428711	101	1.56816673278809	2.732311
5576936.5	5799209	32.8857155	25.2142849	142.674285888672	55	1.40262496471405	3.343431
5576938.5	5799252	35.3199997	18.4200001	143.427001953125	101	1.61842000484467	2.962826
5576939.5	5799294	29.8400002	30.5600014	141.824996948242	101	2.12435984611511	3.379036
5576939.5	5799338	35.7999992	32.1333351	142.735824584961	101	2.31565570831299	3.5085
5576939.5	5799421.5	20.8199997	25.7799988	135.191986083984	44	1.9177428483963	3.395412
5576941	5799464.5	28.0200005	32.8799973	141.872497558594	74	2.02493739128113	3.740499
5576941	5799506.5	38.3333321	31.9499989	141.035003662109	43	1.54567503929138	3.525011
5576942	5799549.5	32.4833336	26.1999989	141.244155883789	83	1.81321668624878	3.449594
5576943	5799591.5	35.0200005	33.8799973	140.027008056641	56	1.83291661739349	4.041716
5576943	5799632.5	30.25	31.5249996	141.925003051758	101	1.22131252288818	3.540481
5576944	5799676.5	28.3500004	35.2249985	144.922500610352	48	1.71971249580383	3.485495
5576944	5799719	36.0200005	18.6199989	144.981002807617	101	1.3573499917984	3.283394
5576946	5799804	35.9399986	33.0499992	143.147491455078	101	1.36872863769531	3.566531
5576946	5799846	27.0499992	37.2299995	142.822998046875	79	1.70981001853943	2.894406
5576947	5799930	22.5	14.6000004	142.660003662109	68	1.90622007846832	4.336683
5576958	5799189	29.7000008	30.2000008	142.615005493164	75	1.57146000862122	3.538131
5576959	5799230	42.3142891	28.1714287	142.854995727539	66	1.37130010128021	3.210899
5576960	5799273	41.5999985	30.1000004	142.106262207031	84	1.5353000164032	3.203096
5576960	5799315	38.3199997	25.1599998	143.110992431641	101	1.95223331451416	3.312042
5576960	5799359	32.579998	22.8400002	135.341003417969	101	1.56083333492279	3.213435
5576962	5799401.5	27	28.6333332	143.273330688477	70	1.61212003231049	3.451858
5576962	5799442.5	32.7555542	28.8111095	142.017227172852	49	1.54136669635773	2.811187
5576962	5799485.5	32.2200012	40.1399994	141.243988037109	101	1.92087149620056	2.761837
5576963	5799570.5	37.2399979	32.8600006	139.947998046875	79	1.63567996025085	3.296748
5576963.5	5799527.5	37.7666664	17.5166664	141.350830078125	54	1.10979998111725	2.988621
5576964.5	5799612.5	29.2600002	33.9399986	142.345993041992	49	1.54335010051727	3.69059
5576964.5	5799654.5	32.4399986	32.4399986	144.559997558594	60	1.25533998012543	3.384333
5576965.5	5799698	35.8400002	23.2999992	145.746002197266	48	1.16410005092621	3.15001
5576966.5	5799740	26.7333317	35.5	143.688339233398	83	1.4290714263916	3.484886
5576966.5	5799783	40.125	26.3999996	142.775634765625	85	1.42452001571655	3.458958
5576966.5	5799867	26.1333332	31.1333332	141.901672363281	67	1.5110399723053	3.019527
5576967.5	5799825	32.8428574	34.0571404	142.903579711914	101	1.70508575439453	3.605128
5576968.5	5799909	40.8333321	21.5	142.106674194336	32	1.23852729797363	3.544173
5576979.5	5799167	45.625	28.5750008	143.331253051758	71	1.37849998474121	2.766099
5576979.5	5799210	38.3428574	26.3857136	141.997848510742	22	1.61773335933685	3.34296
5576980.5	5799252	25.960001	22.3800011	141.868988037109	101	2.05552506446838	3.582851
5576981.5	5799336	38.7200012	26.7000008	135.480010986328	63	1.66351664066315	2.846786
5576982.5	5799379.5	36.1399994	24.5799999	142.964004516602	101	1.31332218647003	3.020567
5576982.5	5799422.5	28.375	21.7000008	141.002502441406	37	1.38512003421783	2.935083
5576983.5	5799464.5	32.5333328	32.2999992	141.216674804688	40	1.45112860202789	3.096583
5576984.5	5799506.5	30.1749992	32.7249985	141.190002441406	101	1.37791430950165	2.761509
5576984.5	5799548.5	39.2833328	26.4666672	139.860000610352	50	1.3362500667572	3.161101
5576985.5	5799590.5	32.75	31.0499992	142.576248168945	55	1.39191675186157	3.503626
5576986	5799633.5	35.4249992	29.7749996	144.126251220703	59	1.55286657810211	2.883042
5576986	5799676	34.9000015	32.4749985	145.514999389648	79	1.76489996910095	3.958128
5576987	5799718	24.3624992	36.8125	142.968124389648	73	1.46913003921509	3.981151
5576987	5799760	23.3555546	29.5	142.786102294922	80	1.88593327999115	4.364147
5576988	5799803	38.5	20.3250008	142.235000610352	33	1.3303200006485	3.363873
5576988	5799846	31.1499996	33.6000023	142.219161987305	101	1.53988325595856	3.91678
5577000.5	5799145	34.8799973	28.420002	143.264007568359	101	1.98425006866455	3.122157
5577001	5799187	34.4599991	31.7000008	141.329010009766	30	1.89289999008179	3.076126
5577001	5799230	29.25	30.0333328	142.115829467773	69	1.87747991085052	3.588804
5577002	5799315	31.0166683	32.3999977	136.198333740234	84	1.77563989162445	3.234881
5577003	5799357.5	33.1818199	27.181818	141.868637084961	70	1.77416670322418	3.075856
5577004	5799442.5	22.1749992	27.9249992	140.126251220703	31	1.64496004581451	3.410417
5577004	5799484.5	33.9000015	38.3000031	138.972503662109	71	1.67435717582703	3.247448
5577005	5799399.5	32.7600021	30.420002	141.96598815918	101	1.59517276287079	3.314848
5577005	5799527.5	41.1500015	24.6749992	142.214996337891	101	1.30941247940063	2.85738
5577006	5799569.5	35.4000015	26.7000008	142.875	39	1.42208003997803	3.573051
5577007	5799654.5	32.9000015	28.2999992	144.705001831055	47	1.19863998889923	3.102514
5577008	5799611.5	23.9200001	29.0600014	143.787994384766	68	1.93662858009338	2.967047
5577008	5799697	21.818182	32.2000008	142.483184814453	101	1.6411714553833	4.434871
5577008	5799739	25.2222214	29.9444447	142.351119995117	69	1.54252219200134	3.510805
5577009.5	5799823	37.6833305	21.916666	141.99333190918	42	1.20537996292114	3.707149
5577021	5799166	26.079998	29.1000004	140.649993896484	101	2.2091498374939	3.183932
5577022	5799208	31.9499989	32.2000008	141.919998168945	38	1.73049998283386	3.171875
5577023	5799294	30.3999996	33.75	135.931243896484	80	1.74906003475189	3.546637
5577023.5	5799252	32.6666679	27.9666672	136.593338012695	101	1.75171673297882	3.323943
5577023.5	5799336	32.0299988	26.5100002	141.106491088867	68	1.53646659851074	3.257278
5577023.5	5799378.5	29.960001	25.5600014	141.966003417969	73	1.54545998573303	3.364688
5577024.5	5799420.5	20.2999992	25.960001	140.47200012207	101	2.44733333587646	3.999566
5577025.5	5799463.5	20.7399998	26.8600006	138.882995605469	60	2.0260751247406	3.579856
5577025.5	5799505.5	28.0333328	24.8166656	143.545837402344	52	1.81795716285706	2.931447
5577027.5	5799549.5	34.7600021	37.5400009	143.550994873047	63	1.70428574085236	2.765243
5577028.5	5799589.5	29.7250004	29.3500004	143.258743286133	54	1.72392010688782	2.467296
5577028.5	5799676	29.3444443	37.2666664	142.369445800781	42	1.66394007205963	3.596189
5577029.5	5799718	34.7000008	32.6299973	142.323501586914	58	1.27934288978577	3.375016
5577031	5799802	27.2999992	34.079998	142.865997314453	69	2.01541423797607	4.880969
5577043.5	5799187	29.4000015	25.5	141.760009765625	101	1.61125004291534	3.447383
5577043.5	5799271	37.3666649	29.8666668	140.720001220703	101	1.79178559780121	3.362743
5577044.5	5799229	31.7200012	31.1199989	136.240005493164	44	1.45685005187988	3.06504
5577045.5	5799315	30.8999996	28.833334	139.927505493164	84	1.63686013221741	3.662728
5577045.5	5799357.5	37.2000008	40.2666664	141.5	40	1.9209166765213	3.541303
5577046	5799399.5	22.8500004	30.0750008	140.130004882813	67	2.09178328514099	4.193344
5577046	5799441.5	23.3999996	33.8857155	138.56428527832	101	1.74652993679047	4.727421
5577047	5799483.5	24.4499989	28.0166683	143.068328857422	71	1.58056366443634	3.765242
5577048	5799526.5	58	39.2999992	142.880004882813	50	1.65446257591248	2.632551
5577048	5799569.5	32.9249992	23.4500008	143.352508544922	67	1.34858751296997	2.428295
5577049	5799610.5	35.4249992	25.4749985	144.065002441406	37	1.11319994926453	2.88822
5577049	5799653	29.8666649	37.2444458	142.350006103516	101	1.78649997711182	2.878893
5577050	5799696	32.2799988	35.3799973	141.956008911133	56	1.52756679058075	3.039106
5577051	5799739	30.5750008	30.3250008	142.991241455078	62	1.88173747062683	2.97753
5577065	5799209	27.079998	28.5600014	136.498992919922	75	1.53380000591278	3.633329
5577066	5799250	25.2625008	32.5	140.891876220703	56	1.80970001220703	3.169071
5577066	5799292	25.1166668	30.1333332	141.229995727539	77	2.54956007003784	4.288253
5577066	5799335.5	24.8666668	27.8833332	140.854995727539	101	1.76653337478638	3.643279
5577067	5799377.5	31.4500008	31.5499992	140.0625	64	1.89491665363312	3.898198
5577067	5799421.5	32.5999985	54.5999985	138.25	58	1.26625001430511	4.075512
5577068.5	5799462.5	23.4500008	27.8250008	142.633758544922	101	2.16561818122864	4.215716
5577068.5	5799504.5	40.420002	25.5	142.85400390625	101	2.04171991348267	3.415098
5577069.5	5799547.5	38.2999992	20.9666653	143.335006713867	25	1.15252494812012	2.561836
5577069.5	5799632.5	34.9500008	24.6749992	142.532501220703	20	1.25740003585815	2.983815
5577070.5	5799590.5	36.3555565	22.3888893	143.07389831543	58	1.1834625005722	2.898809
5577071.5	5799674	29.333334	36.5333328	142.229995727539	101	1.76981675624847	2.532031
5577071.5	5799716	28.8000011	32.2999992	143.567504882813	52	1.81668329238892	4.175824
5577085.5	5799187	30.5874996	20.2374992	137.858123779297	101	1.40393340587616	3.052953
5577086.5	5799230	21.9636364	30.6090927	140.461807250977	74	2.019700050354	3.910945
5577086.5	5799272	23.5600014	21.960001	141.722991943359	66	2.03320002555847	3.628608
5577087.5	5799313.5	30.8999996	31.1399994	140.173004150391	52	2.10214996337891	3.934518
5577088.5	5799356.5	26.7666683	32.2333336	138.40998840332	101	1.94813334941864	3.638766
5577088.5	5799398.5	27.5249996	14.9499998	142.244995117188	57	2.03548574447632	4.076282
5577088.5	5799484.5	33.0333328	25.5500011	142.159164428711	71	1.86825001239777	3.893089
5577089.5	5799442.5	32.4666672	23.5666656	142.241653442383	52	1.97815001010895	4.658465
5577091	5799568.5	31.5333328	30.0749989	142.630828857422	64	1.59133338928223	3.128712
5577091	5799610.5	32.4333344	35.9000015	142.193328857422	49	1.59743750095367	3.348993
5577092	5799696	30.2666683	38.7666664	143.78498840332	101	1.66806662082672	3.681317
5577107	5799207	24.3454533	30.636364	140.376358032227	101	1.94168329238892	3.031499
5577108	5799250	19.7166672	22.3999996	141.106674194336	101	2.73224997520447	4.252286
5577108	5799293	30.083334	21.6999989	139.794174194336	101	1.52509999275208	3.547873
5577109	5799334.5	35.5400009	27.1200008	138.121994018555	71	1.59553337097168	3.593876
5577109	5799377.5	42	23.916666	142.659164428711	101	1.52312004566193	3.022742
5577110	5799419.5	31.375	23.7250004	143.086242675781	53	1.61583995819092	3.219219
5577110	5799461.5	37.1399994	34.5600014	141.667007446289	44	1.86631667613983	3.98731
5577111	5799504.5	36.0333328	29.3999996	143	44	1.96701109409332	3.445527
5577112	5799545.5	22.4875011	30.5875015	142.083129882813	74	2.17174553871155	3.188441
5577112	5799589.5	22.9399986	29.7200012	142.05549621582	60	2.64668583869934	3.638649
5577113	5799632	20.1999989	26.5	143.479995727539	45	2.24362230300903	3.784091
5577113.5	5799674	36.3999977	19.5	144.365005493164	22	1.19582009315491	3.28959
5577128	5799228	17.333334	24.833334	141.563339233398	101	2.73699998855591	3.456533
5577128.5	5799270	21.7199993	26.8400002	139.139999389648	101	2.71350002288818	4.690984
5577129.5	5799356.5	33.2000008	31.666666	143.460830688477	67	1.88955008983612	2.854858
5577130.5	5799314	35.9249992	21.9500008	138.072494506836	101	1.23946666717529	3.081723
5577131.5	5799398.5	47.4000015	23.7199993	143.053009033203	79	1.30339992046356	2.404448
5577131.5	5799483.5	20.8833332	29.9499989	142.303329467773	71	2.53785705566406	4.344146
5577132.5	5799440.5	43.3499985	30.8250008	141.733749389648	64	1.69154286384583	3.431276
5577132.5	5799567.5	21.0200005	31.6000004	141.933990478516	101	2.30310916900635	3.152577
5577133.5	5799525.5	27.9899998	25.7600002	141.719512939453	69	1.78178000450134	2.889802
5577134.5	5799610.5	19.2799988	26.9799995	143.65299987793	50	2.45694994926453	4.018207
5577150.5	5799335.5	37.9666672	26.9666672	143.346664428711	101	1.54390001296997	3.644704
5577151	5799291.5	37.2750015	31.375	140.686248779297	101	1.49224996566772	2.840602
5577152	5799377.5	40.4166679	30.6499996	142.524169921875	60	1.81671667098999	2.842296
5577152	5799418.5	42.2000008	22.4500008	141.880004882813	74	1.70526003837585	3.051294
5577153	5799461.5	18.1523819	26.5952377	142.231414794922	54	2.17865705490112	4.130099
5577154	5799503.5	31.8500004	36.0750008	141.608123779297	78	2.19766664505005	3.250517
5577154	5799546.5	23.5499992	28.5999985	142.232498168945	74	2.01588010787964	3.391324
5577155	5799588.5	21.0249996	28.9249992	143.496246337891	101	1.77140009403229	3.591716
5577172	5799270	26.8500004	29.3999996	142.197494506836	85	1.3392333984375	2.765567
5577172	5799354.5	32.0666656	31.583334	142.770004272461	81	1.8411500453949	3.177351
5577173	5799312.5	34.7750015	31.9500008	142.358749389648	71	1.67000007629395	3.253118
5577173.5	5799440.5	22.5181808	30.9590893	142.080215454102	49	2.08582496643066	3.745239
5577173.5	5799482.5	24.0133343	27.1400013	141.481338500977	61	2.14884281158447	4.064688
5577175.5	5799524.5	39.6333313	19.1999989	143.63166809082	101	2.24471426010132	3.299582
5577175.5	5799567.5	34.5	17.7000008	143.705001831055	101	1.14552223682404	2.931889
5577192.5	5799333.5	28.7142849	28.0571423	142.387130737305	66	1.80113327503204	3.486258
5577193.5	5799291.5	19.1399994	28.2399998	141.427001953125	78	2.00276660919189	3.409724
5577194.5	5799375.5	33.6500015	31.625	141.548751831055	73	1.95739996433258	3.315885
5577195.5	5799418.5	28.742857	27.0285702	142.143569946289	66	2.04061675071716	3.803205
5577196	5799460.5	24.9571419	27.8000011	141.399291992188	58	2.16144990921021	4.645251
5577196	5799502.5	41.375	20.9750004	143.574996948242	52	1.26263332366943	2.665885
5577216	5799313.5	15.8999996	27.5499992	144	62	1.91528332233429	3.45294
5577216	5799396.5	34.9400024	29.579998	140.506011962891	64	1.90345001220703	3.273801
5577217	5799439.5	28.125	25.9750004	141.074996948242	101	1.9533166885376	3.968686
5577217	5799481.5	41.6399994	22.2200012	143.106002807617	63	1.89707493782043	3.486313
5577236.5	5799417.5	40.9500008	28.6000004	141.669998168945	71	1.66814994812012	3.176998
5577238.5	5799460.5	30.1999989	15.666667	144.066665649414	101	1.65803337097168	3.100703
